7,4
4294967278,513
4294967279,116
4294967279,321
4294967279,120
4294967279,119
4294967279,118
4294967279,117
4294967278,512
4294967279,320
4294967278,202
4294967279,127
4294967279,126
4294967279,125
4294967279,124
4294967279,123
4294967279,122
4294967279,121
4294967278,201
4294967278,200
4294967278,199
15,4
15,3
15,2
15,1
4294967279,319
4294967278,198
4294967294,430
4294967278,319
4294967279,318
4294967279,317
4294967278,318
4294967278,4
4294967279,132
4294967279,131
4294967279,130
4294967279,129
4294967279,128
4294967278,317
4294967279,316
4294967278,194
4294967278,191
14,4
4294967278,190
14,3
14,2
14,1
4294967278,316
4294967278,189
4294967278,9
4294967278,8
4294967278,7
4294967278,6
4294967278,5
4294967279,315
4294967278,315
4294967278,186
4294967278,314
4294967279,314
4294967278,18
4294967278,17
4294967278,16
4294967278,15
4294967278,14
4294967278,13
4294967278,12
4294967278,11
4294967278,10
5,4
4294967278,183
4294967294,89
13,5
4294967278,182
13,4
13,3
13,2
13,1
4294967279,313
4294967278,181
4294967294,395
4294967294,409
4294967294,413
4294967294,385
4294967294,953
4294967294,179
4294967294,407
4294967294,384
4294967294,425
4294967294,411
4294967294,168
4294967294,916
4294967294,403
4294967294,420
4294967294,169
4294967294,189
4294967294,418
4294967294,464
4294967278,313
4294967279,312
4294967279,311
4294967278,312
4294967278,178
4294967278,22
4294967278,21
4294967278,20
4294967278,19
4294967278,177
4294967278,176
4294967278,175
12,6
12,5
4294967278,173
12,4
12,3
12,2
12,1
4294967279,310
4294967278,172
4294967294,390
4294967278,26
4294967278,25
4294967278,24
4294967278,23
4294967278,311
4294967279,309
4294967279,308
4294967278,310
4294967278,36
4294967278,35
4294967278,34
4294967278,33
4294967278,32
4294967278,31
4294967278,30
4294967278,29
4294967278,28
4294967278,27
4294967279,30
4294967279,28
4294967279,26
4294967279,25
4294967279,24
4294967279,21
4294967279,19
4294967279,18
4294967279,17
4294967279,16
4294967279,15
4294967279,14
4294967279,13
4294967279,11
4294967278,169
4294967278,168
4294967278,167
4294967278,166
11,5
11,4
4294967278,165
11,3
11,2
11,1
4294967278,309
0,7
4294967278,164
4294967294,80
4294967294,387
4294967294,173
4294967294,82
4294967294,968
4294967279,307
4294967294,5
4294967294,469
4294967294,25
4294967294,1356
4294967294,1
4294967294,150
4294967294,186
4294967294,39
4294967294,907
4294967294,0
4294967294,956
4294967294,40
4294967294,36
4294967294,37
4294967294,42
4294967294,107
4294967294,91
4294967294,90
4294967294,87
4294967294,86
4294967294,85
4294967294,84
4294967294,957
4294967294,923
4294967294,954
4294967294,29
4294967294,419
4294967294,28
4294967294,53
4294967294,441
4294967294,392
4294967294,46
4294967294,389
4294967294,120
4294967294,114
4294967294,115
4294967294,2
4294967294,393
4294967294,45
4294967294,1357
4294967294,44
4294967294,38
5,3
4294967294,99
4294967294,76
4294967294,417
4294967294,51
4294967294,955
4294967294,26
4294967294,96
4294967294,94
4294967278,308
4294967294,9
4294967278,162
4294967294,8
4294967278,260
4294967278,0
4294967294,7
4294967279,260
4294967294,6
4294967294,22
4294967294,83
4294967294,136
4294967294,30
4294967294,97
4294967294,17
4294967294,41
4294967294,52
4294967294,50
4294967294,426
4294967294,43
4294967294,438
4294967294,422
4294967294,401
4294967294,388
4294967294,162
4294967294,161
4294967294,471
4294967294,924
4294967294,27
4294967294,429
4294967294,427
4294967294,14
4294967294,126
4294967294,18
4294967294,127
4294967294,20
4294967294,13
4294967294,12
4294967294,67
4294967294,185
4294967294,182
4294967294,81
4294967294,176
4294967294,170
4294967294,971
4294967294,967
4294967294,163
4294967294,190
4294967294,1354
4294967294,93
4294967294,95
4294967278,132
4294967278,131
4294967278,130
4294967278,129
4294967278,128
4294967278,127
4294967278,126
4294967278,125
4294967278,124
4294967278,123
4294967278,122
4294967278,121
4294967278,120
